#Layer_Color=16711935
#
#Feature symbol names
#
$0 r3.937
$1 rect129.922x21.446

#
#Feature attribute names
#

#
#Layer features
#
A 3.1693779 3.452811 3.1693779 3.452811 3.1496929 3.452811 0 P 0 N
L 2.080552 3.6063 2.080552 3.6437 0 P 0
L 2.080552 3.6063 2.149448 3.6063 0 P 0
L 2.080552 3.6437 2.149448 3.6437 0 P 0
L 2.149448 3.6063 2.149448 3.6437 0 P 0
L 2.245944 3.58244 2.245944 3.63756 0 P 0
L 2.245944 3.58244 2.364056 3.58244 0 P 0
L 2.245944 3.63756 2.364056 3.63756 0 P 0
L 2.25804 2.885276 2.25804 3.044724 0 P 0
L 2.25804 2.885276 2.38796 2.885276 0 P 0
L 2.25804 3.044724 2.38796 3.044724 0 P 0
L 2.275552 3.4463 2.275552 3.4837 0 P 0
L 2.275552 3.4463 2.344448 3.4463 0 P 0
L 2.275552 3.4837 2.344448 3.4837 0 P 0
L 2.344448 3.4463 2.344448 3.4837 0 P 0
L 2.3505512 2.7512993 2.3505512 2.7887008 0 P 0
L 2.3505512 2.7512993 2.4194488 2.7512993 0 P 0
L 2.3505512 2.7887008 2.4194488 2.7887008 0 P 0
L 2.358166 3.14411 2.358166 3.40789 0 P 0
L 2.358166 3.14411 2.503834 3.14411 0 P 0
L 2.358166 3.40789 2.503834 3.40789 0 P 0
L 2.364056 3.58244 2.364056 3.63756 0 P 0
L 2.38796 2.885276 2.38796 3.044724 0 P 0
L 2.410944 3.58244 2.410944 3.63756 0 P 0
L 2.410944 3.58244 2.529056 3.58244 0 P 0
L 2.410944 3.63756 2.529056 3.63756 0 P 0
L 2.415552 3.4463 2.415552 3.4837 0 P 0
L 2.415552 3.4463 2.484448 3.4463 0 P 0
L 2.415552 3.4837 2.484448 3.4837 0 P 0
L 2.4194488 2.7512993 2.4194488 2.7887008 0 P 0
L 2.484448 3.4463 2.484448 3.4837 0 P 0
L 2.503834 3.14411 2.503834 3.40789 0 P 0
L 2.529056 3.58244 2.529056 3.63756 0 P 0
L 2.550552 3.4463 2.550552 3.4837 0 P 0
L 2.550552 3.4463 2.619448 3.4463 0 P 0
L 2.550552 3.4837 2.619448 3.4837 0 P 0
L 2.580944 3.58244 2.580944 3.63756 0 P 0
L 2.580944 3.58244 2.699056 3.58244 0 P 0
L 2.580944 3.63756 2.699056 3.63756 0 P 0
L 2.619448 3.4463 2.619448 3.4837 0 P 0
L 2.6503 3.197552 2.6503 3.266448 0 P 0
L 2.6503 3.197552 2.6877 3.197552 0 P 0
L 2.6503 3.266448 2.6877 3.266448 0 P 0
L 2.680944 3.46344 2.680944 3.51856 0 P 0
L 2.680944 3.46344 2.799056 3.46344 0 P 0
L 2.680944 3.51856 2.799056 3.51856 0 P 0
L 2.685552 3.3363 2.685552 3.3737 0 P 0
L 2.685552 3.3363 2.754448 3.3363 0 P 0
L 2.685552 3.3737 2.754448 3.3737 0 P 0
L 2.6877 3.197552 2.6877 3.266448 0 P 0
L 2.699056 3.58244 2.699056 3.63756 0 P 0
L 2.7333 3.209552 2.7333 3.278448 0 P 0
L 2.7333 3.209552 2.7707 3.209552 0 P 0
L 2.7333 3.278448 2.7707 3.278448 0 P 0
L 2.754448 3.3363 2.754448 3.3737 0 P 0
L 2.7707 3.209552 2.7707 3.278448 0 P 0
L 2.799056 3.46344 2.799056 3.51856 0 P 0
L 2.805944 3.58244 2.805944 3.63756 0 P 0
L 2.805944 3.58244 2.924056 3.58244 0 P 0
L 2.805944 3.63756 2.924056 3.63756 0 P 0
L 2.8463 3.405552 2.8463 3.474448 0 P 0
L 2.8463 3.405552 2.8837 3.405552 0 P 0
L 2.8463 3.474448 2.8837 3.474448 0 P 0
L 2.862166 2.85311 2.862166 3.11689 0 P 0
L 2.862166 2.85311 3.007834 2.85311 0 P 0
L 2.862166 3.11689 3.007834 3.11689 0 P 0
L 2.864552 3.1603 2.864552 3.1977 0 P 0
L 2.864552 3.1603 2.933448 3.1603 0 P 0
L 2.864552 3.1977 2.933448 3.1977 0 P 0
L 2.875552 3.2603 2.875552 3.2977 0 P 0
L 2.875552 3.2603 2.944448 3.2603 0 P 0
L 2.875552 3.2977 2.944448 3.2977 0 P 0
L 2.8837 3.405552 2.8837 3.474448 0 P 0
L 2.924056 3.58244 2.924056 3.63756 0 P 0
L 2.933448 3.1603 2.933448 3.1977 0 P 0
L 2.944448 3.2603 2.944448 3.2977 0 P 0
L 2.9513 3.365552 2.9513 3.434448 0 P 0
L 2.9513 3.365552 2.9887 3.365552 0 P 0
L 2.9513 3.434448 2.9887 3.434448 0 P 0
L 2.9613 3.540552 2.9613 3.609448 0 P 0
L 2.9613 3.540552 2.9987 3.540552 0 P 0
L 2.9613 3.609448 2.9987 3.609448 0 P 0
L 2.9887 3.365552 2.9887 3.434448 0 P 0
L 2.9987 3.540552 2.9987 3.609448 0 P 0
L 3.007834 2.85311 3.007834 3.11689 0 P 0
L 3.0543 3.585552 3.0543 3.654448 0 P 0
L 3.0543 3.585552 3.0917 3.585552 0 P 0
L 3.0543 3.654448 3.0917 3.654448 0 P 0
L 3.0917 3.585552 3.0917 3.654448 0 P 0
L 3.11426 3.143756 3.11426 3.488244 0 P 0
L 3.11426 3.143756 3.27174 3.143756 0 P 0
L 3.11426 3.488244 3.27174 3.488244 0 P 0
L 3.1393 3.585552 3.1393 3.654448 0 P 0
L 3.1393 3.585552 3.1767 3.585552 0 P 0
L 3.1393 3.654448 3.1767 3.654448 0 P 0
L 3.1767 3.585552 3.1767 3.654448 0 P 0
L 3.1812993 2.8655512 3.1812993 2.9344488 0 P 0
L 3.1812993 2.8655512 3.2187008 2.8655512 0 P 0
L 3.1812993 2.9344488 3.2187008 2.9344488 0 P 0
L 3.199552 3.5143 3.199552 3.5517 0 P 0
L 3.199552 3.5143 3.268448 3.5143 0 P 0
L 3.199552 3.5517 3.268448 3.5517 0 P 0
L 3.2187008 2.8655512 3.2187008 2.9344488 0 P 0
L 3.2353 3.585552 3.2353 3.654448 0 P 0
L 3.2353 3.585552 3.2727 3.585552 0 P 0
L 3.2353 3.654448 3.2727 3.654448 0 P 0
L 3.268448 3.5143 3.268448 3.5517 0 P 0
L 3.27174 3.143756 3.27174 3.488244 0 P 0
L 3.2727 3.585552 3.2727 3.654448 0 P 0
L 3.395552 3.1163 3.395552 3.1537 0 P 0
L 3.395552 3.1163 3.464448 3.1163 0 P 0
L 3.395552 3.1537 3.464448 3.1537 0 P 0
L 3.464448 3.1163 3.464448 3.1537 0 P 0
L 3.586536 3.117284 3.586536 3.152716 0 P 0
L 3.586536 3.117284 3.653464 3.117284 0 P 0
L 3.586536 3.152716 3.653464 3.152716 0 P 0
L 3.653464 3.117284 3.653464 3.152716 0 P 0
P 2.322907 2.895999 1 P 0 0
