#Layer_Color=32768
#
#Feature symbol names
#
$0 r1.9685
$1 r3.937

#
#Feature attribute names
#

#
#Layer features
#
L 2.053976 3.595472 2.053976 3.654528 0 P 0
L 2.053976 3.595472 2.176024 3.595472 0 P 0
L 2.053976 3.654528 2.176024 3.654528 0 P 0
L 2.0963 3.625 2.1337 3.625 1 P 0
L 2.115 3.6063 2.115 3.6437 1 P 0
L 2.176024 3.595472 2.176024 3.654528 0 P 0
L 2.236102 3.533228 2.236102 3.686772 0 P 0
L 2.236102 3.533228 2.373898 3.533228 0 P 0
L 2.236102 3.686772 2.373898 3.686772 0 P 0
L 2.248196 2.852796 2.248196 3.077204 0 P 0
L 2.248196 2.852796 2.397804 2.852796 0 P 0
L 2.248196 3.077204 2.397804 3.077204 0 P 0
L 2.248976 3.435472 2.248976 3.494528 0 P 0
L 2.248976 3.435472 2.371024 3.435472 0 P 0
L 2.248976 3.494528 2.371024 3.494528 0 P 0
L 2.25974 3.134268 2.25974 3.417732 0 P 0
L 2.25974 3.134268 2.60226 3.134268 0 P 0
L 2.25974 3.417732 2.60226 3.417732 0 P 0
L 2.285314 3.61 2.324686 3.61 1 P 0
L 2.2913 3.465 2.3287 3.465 1 P 0
L 2.303316 2.965 2.342686 2.965 1 P 0
L 2.305 3.590314 2.305 3.629686 1 P 0
L 2.31 3.4463 2.31 3.4837 1 P 0
L 2.323 2.945314 2.323 2.984686 1 P 0
L 2.3239764 2.7404725 2.3239764 2.7995276 0 P 0
L 2.3239764 2.7404725 2.4460236 2.7404725 0 P 0
L 2.3239764 2.7995276 2.4460236 2.7995276 0 P 0
L 2.3662992 2.77 2.4037008 2.77 1 P 0
L 2.371024 3.435472 2.371024 3.494528 0 P 0
L 2.373898 3.533228 2.373898 3.686772 0 P 0
L 2.385 2.7512993 2.385 2.7887008 1 P 0
L 2.388976 3.435472 2.388976 3.494528 0 P 0
L 2.388976 3.435472 2.511024 3.435472 0 P 0
L 2.388976 3.494528 2.511024 3.494528 0 P 0
L 2.397804 2.852796 2.397804 3.077204 0 P 0
L 2.401102 3.533228 2.401102 3.686772 0 P 0
L 2.401102 3.533228 2.538898 3.533228 0 P 0
L 2.401102 3.686772 2.538898 3.686772 0 P 0
L 2.411314 3.276 2.450686 3.276 1 P 0
L 2.431 3.256314 2.431 3.295686 1 P 0
L 2.4313 3.465 2.4687 3.465 1 P 0
L 2.4460236 2.7404725 2.4460236 2.7995276 0 P 0
L 2.45 3.4463 2.45 3.4837 1 P 0
L 2.450314 3.61 2.489686 3.61 1 P 0
L 2.47 3.590314 2.47 3.629686 1 P 0
L 2.511024 3.435472 2.511024 3.494528 0 P 0
L 2.523976 3.435472 2.523976 3.494528 0 P 0
L 2.523976 3.435472 2.646024 3.435472 0 P 0
L 2.523976 3.494528 2.646024 3.494528 0 P 0
L 2.538898 3.533228 2.538898 3.686772 0 P 0
L 2.5663 3.465 2.6037 3.465 1 P 0
L 2.571102 3.533228 2.571102 3.686772 0 P 0
L 2.571102 3.533228 2.708898 3.533228 0 P 0
L 2.571102 3.686772 2.708898 3.686772 0 P 0
L 2.585 3.4463 2.585 3.4837 1 P 0
L 2.60226 3.134268 2.60226 3.417732 0 P 0
L 2.620314 3.61 2.659686 3.61 1 P 0
L 2.639472 3.170976 2.639472 3.293024 0 P 0
L 2.639472 3.170976 2.698528 3.170976 0 P 0
L 2.639472 3.293024 2.698528 3.293024 0 P 0
L 2.64 3.590314 2.64 3.629686 1 P 0
L 2.646024 3.435472 2.646024 3.494528 0 P 0
L 2.6503 3.232 2.6877 3.232 1 P 0
L 2.658976 3.325472 2.658976 3.384528 0 P 0
L 2.658976 3.325472 2.781024 3.325472 0 P 0
L 2.658976 3.384528 2.781024 3.384528 0 P 0
L 2.669 3.2133 2.669 3.2507 1 P 0
L 2.671102 3.414228 2.671102 3.567772 0 P 0
L 2.671102 3.414228 2.808898 3.414228 0 P 0
L 2.671102 3.567772 2.808898 3.567772 0 P 0
L 2.698528 3.170976 2.698528 3.293024 0 P 0
L 2.7013 3.355 2.7387 3.355 1 P 0
L 2.708898 3.533228 2.708898 3.686772 0 P 0
L 2.72 3.3363 2.72 3.3737 1 P 0
L 2.720314 3.491 2.759686 3.491 1 P 0
L 2.722472 3.182976 2.722472 3.305024 0 P 0
L 2.722472 3.182976 2.781528 3.182976 0 P 0
L 2.722472 3.305024 2.781528 3.305024 0 P 0
L 2.7333 3.244 2.7707 3.244 1 P 0
L 2.74 3.471314 2.74 3.510686 1 P 0
L 2.752 3.2253 2.752 3.2627 1 P 0
L 2.76374 2.843268 2.76374 3.126732 0 P 0
L 2.76374 2.843268 3.10626 2.843268 0 P 0
L 2.76374 3.126732 3.10626 3.126732 0 P 0
L 2.781024 3.325472 2.781024 3.384528 0 P 0
L 2.781528 3.182976 2.781528 3.305024 0 P 0
L 2.796102 3.533228 2.796102 3.686772 0 P 0
L 2.796102 3.533228 2.933898 3.533228 0 P 0
L 2.796102 3.686772 2.933898 3.686772 0 P 0
L 2.808898 3.414228 2.808898 3.567772 0 P 0
L 2.835472 3.378976 2.835472 3.501024 0 P 0
L 2.835472 3.378976 2.894528 3.378976 0 P 0
L 2.835472 3.501024 2.894528 3.501024 0 P 0
L 2.837976 3.149472 2.837976 3.208528 0 P 0
L 2.837976 3.149472 2.960024 3.149472 0 P 0
L 2.837976 3.208528 2.960024 3.208528 0 P 0
L 2.845314 3.61 2.884684 3.61 1 P 0
L 2.8463 3.44 2.8837 3.44 1 P 0
L 2.848976 3.249472 2.848976 3.308528 0 P 0
L 2.848976 3.249472 2.971024 3.249472 0 P 0
L 2.848976 3.308528 2.971024 3.308528 0 P 0
L 2.865 3.4213 2.865 3.4587 1 P 0
L 2.865 3.590314 2.865 3.629686 1 P 0
L 2.8803 3.179 2.9177 3.179 1 P 0
L 2.8913 3.279 2.9287 3.279 1 P 0
L 2.894528 3.378976 2.894528 3.501024 0 P 0
L 2.899 3.1603 2.899 3.1977 1 P 0
L 2.91 3.2603 2.91 3.2977 1 P 0
L 2.915314 2.985 2.954686 2.985 1 P 0
L 2.933898 3.533228 2.933898 3.686772 0 P 0
L 2.935 2.965314 2.935 3.004686 1 P 0
L 2.940472 3.338976 2.940472 3.461024 0 P 0
L 2.940472 3.338976 2.999528 3.338976 0 P 0
L 2.940472 3.461024 2.999528 3.461024 0 P 0
L 2.950472 3.513976 2.950472 3.636024 0 P 0
L 2.950472 3.513976 3.009528 3.513976 0 P 0
L 2.950472 3.636024 3.009528 3.636024 0 P 0
L 2.9513 3.4 2.9887 3.4 1 P 0
L 2.960024 3.149472 2.960024 3.208528 0 P 0
L 2.9613 3.575 2.9987 3.575 1 P 0
L 2.97 3.3813 2.97 3.4187 1 P 0
L 2.971024 3.249472 2.971024 3.308528 0 P 0
L 2.98 3.5563 2.98 3.5937 1 P 0
L 2.999528 3.338976 2.999528 3.461024 0 P 0
L 3.009528 3.513976 3.009528 3.636024 0 P 0
L 3.043472 3.558976 3.043472 3.681024 0 P 0
L 3.043472 3.558976 3.102528 3.558976 0 P 0
L 3.043472 3.681024 3.102528 3.681024 0 P 0
L 3.045362 3.13293 3.045362 3.49907 1 P 0
L 3.045362 3.13293 3.340638 3.13293 1 P 0
L 3.045362 3.49907 3.340638 3.49907 1 P 0
L 3.0543 3.62 3.0917 3.62 1 P 0
L 3.073 3.6013 3.073 3.6387 1 P 0
L 3.102528 3.558976 3.102528 3.681024 0 P 0
L 3.10626 2.843268 3.10626 3.126732 0 P 0
L 3.128472 3.558976 3.128472 3.681024 0 P 0
L 3.128472 3.558976 3.187528 3.558976 0 P 0
L 3.128472 3.681024 3.187528 3.681024 0 P 0
L 3.1393 3.62 3.1767 3.62 1 P 0
L 3.158 3.6013 3.158 3.6387 1 P 0
L 3.1704725 2.8389764 3.1704725 2.9610236 0 P 0
L 3.1704725 2.8389764 3.2295276 2.8389764 0 P 0
L 3.1704725 2.9610236 3.2295276 2.9610236 0 P 0
L 3.172976 3.503472 3.172976 3.562528 0 P 0
L 3.172976 3.503472 3.295024 3.503472 0 P 0
L 3.172976 3.562528 3.295024 3.562528 0 P 0
L 3.173314 3.316 3.212686 3.316 1 P 0
L 3.1812993 2.9 3.2187008 2.9 1 P 0
L 3.187528 3.558976 3.187528 3.681024 0 P 0
L 3.193 3.296316 3.193 3.335686 1 P 0
L 3.2 2.8812992 3.2 2.9187008 1 P 0
L 3.2153 3.533 3.2527 3.533 1 P 0
L 3.224472 3.558976 3.224472 3.681024 0 P 0
L 3.224472 3.558976 3.283528 3.558976 0 P 0
L 3.224472 3.681024 3.283528 3.681024 0 P 0
L 3.2295276 2.8389764 3.2295276 2.9610236 0 P 0
L 3.234 3.5143 3.234 3.5517 1 P 0
L 3.2353 3.62 3.2727 3.62 1 P 0
L 3.254 3.6013 3.254 3.6387 1 P 0
L 3.283528 3.558976 3.283528 3.681024 0 P 0
L 3.295024 3.503472 3.295024 3.562528 0 P 0
L 3.340638 3.13293 3.340638 3.49907 1 P 0
L 3.368976 3.105472 3.368976 3.164528 0 P 0
L 3.368976 3.105472 3.491024 3.105472 0 P 0
L 3.368976 3.164528 3.491024 3.164528 0 P 0
L 3.4113 3.135 3.4487 3.135 1 P 0
L 3.43 3.1163 3.43 3.1537 1 P 0
L 3.491024 3.105472 3.491024 3.164528 0 P 0
L 3.558976 3.10744 3.558976 3.16256 0 P 0
L 3.558976 3.10744 3.681024 3.10744 0 P 0
L 3.558976 3.16256 3.681024 3.16256 0 P 0
L 3.602284 3.135 3.637716 3.135 1 P 0
L 3.62 3.117284 3.62 3.152716 1 P 0
L 3.681024 3.10744 3.681024 3.16256 0 P 0
